1.0278078 0.0801669 0.0892258 0.0847798 0.0081887 -0.0397770 -0.0533261 -0.0406195 -0.0169282 0.0269327 0.0580685 0.0127183 0.0238172 -0.0398733 -0.0185509 -0.0495480 -0.0362262 -0.0427339 -0.0422975 -0.0204838 -0.0080609 -0.0186290 -0.0363027 -0.0353699 -0.0427633 -0.0295064 -0.0278425 0.0071254 0.0181342 0.0183086 0.0153602 0.0081583 0.0671850 0.0148796
0.0801669 1.2752990 0.2908807 0.3007140 -0.0577186 -0.0908256 -0.1587775 -0.1172261 0.0038913 0.0082903 0.1671678 -0.0550854 -0.0264268 -0.1055257 -0.0340302 -0.1144134 -0.0771540 -0.1084079 -0.1267475 0.0056153 0.0178598 -0.0011145 -0.0642231 -0.0866210 -0.1063323 -0.0827719 -0.0564287 -0.0740570 -0.0507875 -0.0511645 -0.0451428 -0.0702907 0.2709353 -0.0687450
0.0892258 0.2908807 1.2842565 0.2820993 0.0103707 -0.1443236 -0.1940354 -0.1492465 -0.0658559 0.0739254 0.1708432 0.0025401 0.0571005 -0.1443729 -0.0803065 -0.1469625 -0.0801716 -0.1223906 -0.1260385 -0.0615987 -0.0029499 -0.0310516 -0.0992744 -0.1084526 -0.1333926 -0.1113005 -0.0944815 -0.0343322 0.0009696 0.0070872 -0.0057144 -0.0197638 0.2115799 0.0009609
0.0847798 0.3007140 0.2820993 1.2970147 -0.0293643 -0.1109236 -0.1635037 -0.1281701 -0.0231505 0.0373097 0.1965795 -0.0078898 0.0308050 -0.1044218 -0.0534042 -0.1434317 -0.0925190 -0.1103957 -0.1383777 -0.0365616 0.0085319 -0.0279061 -0.0914366 -0.1068298 -0.1352822 -0.0916338 -0.0655344 -0.0786229 -0.0383175 -0.0295572 -0.0442857 -0.0422922 0.2409575 -0.0531677
0.0081887 -0.0577186 0.0103707 -0.0293643 1.2681615 -0.1266190 -0.0257674 -0.0436787 -0.1661732 0.2612706 0.0518588 0.2369796 0.3260172 -0.1052845 -0.0388899 -0.1149496 -0.0945583 -0.0770725 -0.0346821 -0.1461031 -0.0967664 -0.1417816 -0.1365432 -0.0568680 -0.0949220 -0.0713182 -0.1048203 -0.0397167 -0.0487837 -0.0174076 -0.0416022 0.0162948 -0.1434990 0.2810166
-0.0397770 -0.0908256 -0.1443236 -0.1109236 -0.1266190 1.1626590 0.2101224 0.2932533 0.2073000 -0.1162235 -0.0221936 -0.1053201 -0.1419454 0.2346517 0.1135687 -0.0772999 -0.0929523 -0.0732212 -0.0565027 -0.0184466 -0.0438676 -0.0423092 -0.0089043 -0.0718751 -0.0750293 0.1922958 0.2195821 -0.1554786 -0.1537807 -0.1813553 -0.1552644 -0.1494055 -0.0193121 -0.1057715
-0.0533261 -0.1587775 -0.1940354 -0.1635037 -0.0257674 0.2101224 1.1266806 0.2135736 0.1094613 -0.0879350 -0.0610136 -0.0620807 -0.0818511 0.1867494 0.1113493 -0.0333196 -0.0454098 -0.0387451 -0.0028106 -0.0203998 -0.0476751 -0.0367044 0.0065439 -0.0289102 -0.0403864 0.1521546 0.1502257 -0.1233509 -0.1431161 -0.1493461 -0.1374068 -0.1197372 -0.1096709 -0.0409019
-0.0406195 -0.1172261 -0.1492465 -0.1281701 -0.0436787 0.2932533 0.2135736 1.2216841 0.1792671 -0.0686925 -0.0147149 -0.0368595 -0.0694413 0.2284607 0.1120690 -0.0977386 -0.1101827 -0.1201117 -0.0653482 -0.0692026 -0.0879144 -0.0847656 -0.0568701 -0.0840376 -0.1058713 0.1879517 0.2210054 -0.1410138 -0.1494680 -0.1672689 -0.1380762 -0.1383067 -0.0697697 -0.0333008
-0.0169282 0.0038913 -0.0658559 -0.0231505 -0.1661732 0.2073000 0.1094613 0.1792671 1.1375588 -0.1304863 0.0022531 -0.1331755 -0.1531343 0.2016843 0.0721757 -0.0625634 -0.0545429 -0.0502089 -0.0704534 0.0209063 -0.0297724 -0.0185626 0.0056044 -0.0602928 -0.0617248 0.1538120 0.1624731 -0.1492125 -0.1474935 -0.1648870 -0.1404537 -0.1588661 0.0607341 -0.1610588
0.0269327 0.0082903 0.0739254 0.0373097 0.2612706 -0.1162235 -0.0879350 -0.0686925 -0.1304863 1.1763830 0.1160966 0.1979202 0.2712812 -0.1227975 -0.0651452 -0.1281223 -0.0761917 -0.0807167 -0.0529697 -0.1152491 -0.0539205 -0.1084341 -0.1057997 -0.0612518 -0.0882069 -0.0709514 -0.0939223 -0.0733046 -0.0773886 -0.0461635 -0.0668838 -0.0240289 -0.0625629 0.2236104
0.0580685 0.1671678 0.1708432 0.1965795 0.0518588 -0.0221936 -0.0610136 -0.0147149 0.0022531 0.1160966 1.1841304 0.0441237 0.0828357 -0.0277140 -0.0131509 -0.1785014 -0.1395862 -0.1302417 -0.1364453 -0.0692554 -0.0370105 -0.0742389 -0.1154334 -0.1169509 -0.1519817 -0.0161162 -0.0094771 -0.1065845 -0.0910442 -0.0783767 -0.0911350 -0.0755044 0.1260275 0.0117700
0.0127183 -0.0550854 0.0025401 -0.0078898 0.2369796 -0.1053201 -0.0620807 -0.0368595 -0.1331755 0.1979202 0.0441237 1.2043282 0.2560216 -0.0877696 -0.0428635 -0.1528354 -0.1274075 -0.1227063 -0.0692558 -0.1748298 -0.1254908 -0.1539597 -0.1674685 -0.0903882 -0.0951286 -0.0549024 -0.0971638 0.0383147 0.0409541 0.0823387 0.0482626 0.0950634 -0.0974903 0.2388896
0.0238172 -0.0264268 0.0571005 0.0308050 0.3260172 -0.1419454 -0.0818511 -0.0694413 -0.1531343 0.2712812 0.0828357 0.2560216 1.2985210 -0.1086690 -0.0677771 -0.1405463 -0.1050985 -0.1002043 -0.0490169 -0.1584120 -0.0944906 -0.1561035 -0.1553509 -0.0698741 -0.1057256 -0.0834214 -0.1144463 -0.0428110 -0.0260947 -0.0111082 -0.0379794 0.0250841 -0.1036977 0.2812842
-0.0398733 -0.1055257 -0.1443729 -0.1044218 -0.1052845 0.2346517 0.1867494 0.2284607 0.2016843 -0.1227975 -0.0277140 -0.0877696 -0.1086690 1.1643040 0.0869163 -0.0686545 -0.0860137 -0.0844988 -0.0577616 -0.0245111 -0.0693432 -0.0456032 -0.0038917 -0.0720713 -0.0651246 0.1711190 0.1668865 -0.1093294 -0.1256339 -0.1376451 -0.1232767 -0.1053140 -0.0425121 -0.0983671
-0.0185509 -0.0340302 -0.0803065 -0.0534042 -0.0388899 0.1135687 0.1113493 0.1120690 0.0721757 -0.0651452 -0.0131509 -0.0428635 -0.0677771 0.0869163 1.0891466 -0.0445757 -0.0210586 -0.0115339 -0.0044627 -0.0033457 -0.0106476 -0.0085347 0.0010465 -0.0140839 -0.0481648 0.0658770 0.0820403 -0.1473401 -0.1632697 -0.1620990 -0.1489762 -0.1276233 -0.0117326 -0.0586765
-0.0495480 -0.1144134 -0.1469625 -0.1434317 -0.1149496 -0.0772999 -0.0333196 -0.0977386 -0.0625634 -0.1281223 -0.1785014 -0.1528354 -0.1405463 -0.0686545 -0.0445757 1.1486136 0.2417277 0.2658198 0.1933081 0.1741033 0.1344574 0.1491373 0.1920025 0.1973960 0.2483587 -0.0979325 -0.0663807 -0.1165285 -0.1353346 -0.1416279 -0.1265821 -0.1237707 -0.1125777 -0.1250824
-0.0362262 -0.0771540 -0.0801716 -0.0925190 -0.0945583 -0.0929523 -0.0454098 -0.1101827 -0.0545429 -0.0761917 -0.1395862 -0.1274075 -0.1050985 -0.0860137 -0.0210586 0.2417277 1.0696852 0.2455667 0.1663561 0.1404759 0.1444040 0.1773889 0.1950463 0.1735603 0.1914010 -0.0914378 -0.0585978 -0.1619308 -0.1721598 -0.1784810 -0.1741551 -0.1558520 -0.0872698 -0.0976723
-0.0427339 -0.1084079 -0.1223906 -0.1103957 -0.0770725 -0.0732212 -0.0387451 -0.1201117 -0.0502089 -0.0807167 -0.1302417 -0.1227063 -0.1002043 -0.0844988 -0.0115339 0.2658198 0.2455667 1.1116126 0.2090845 0.1721298 0.1563729 0.1742350 0.1742258 0.1863850 0.2107781 -0.0909840 -0.0645730 -0.1908167 -0.1902687 -0.1929040 -0.1921139 -0.1765502 -0.1102326 -0.0957786
-0.0422975 -0.1267475 -0.1260385 -0.1383777 -0.0346821 -0.0565027 -0.0028106 -0.0653482 -0.0704534 -0.0529697 -0.1364453 -0.0692558 -0.0490169 -0.0577616 -0.0044627 0.1933081 0.1663561 0.2090845 1.0909879 0.0973641 0.1280640 0.1129818 0.1584533 0.1586051 0.1564593 -0.0670474 -0.0687184 -0.1588255 -0.1602369 -0.1643684 -0.1646527 -0.1410160 -0.1309179 -0.0369095
-0.0204838 0.0056153 -0.0615987 -0.0365616 -0.1461031 -0.0184466 -0.0203998 -0.0692026 0.0209063 -0.1152491 -0.0692554 -0.1748298 -0.1584120 -0.0245111 -0.0033457 0.1741033 0.1404759 0.1721298 0.0973641 1.0591017 0.1221160 0.1305331 0.1491534 0.1184081 0.1275767 -0.0357800 0.0021218 -0.1759705 -0.1755584 -0.1852939 -0.1727626 -0.1774909 0.0317463 -0.1612010
-0.0080609 0.0178598 -0.0029499 0.0085319 -0.0967664 -0.0438676 -0.0476751 -0.0879144 -0.0297724 -0.0539205 -0.0370105 -0.1254908 -0.0944906 -0.0693432 -0.0106476 0.1344574 0.1444040 0.1563729 0.1280640 0.1221160 1.0637273 0.1411870 0.1459425 0.1325312 0.1019375 -0.0570207 -0.0467482 -0.2120962 -0.1967648 -0.2070303 -0.2061919 -0.1837818 0.0100661 -0.1101953
-0.0186290 -0.0011145 -0.0310516 -0.0279061 -0.1417816 -0.0423092 -0.0367044 -0.0847656 -0.0185626 -0.1084341 -0.0742389 -0.1539597 -0.1561035 -0.0456032 -0.0085347 0.1491373 0.1773889 0.1742350 0.1129818 0.1305331 0.1411870 1.0365361 0.1500476 0.1289309 0.1197708 -0.0523399 -0.0200573 -0.1648833 -0.1597752 -0.1711969 -0.1637566 -0.1604738 0.0086344 -0.1457130
-0.0363027 -0.0642231 -0.0992744 -0.0914366 -0.1365432 -0.0089043 0.0065439 -0.0568701 0.0056044 -0.1057997 -0.1154334 -0.1674685 -0.1553509 -0.0038917 0.0010465 0.1920025 0.1950463 0.1742258 0.1584533 0.1491534 0.1459425 0.1500476 1.0928503 0.1378960 0.1524054 -0.0250080 -0.0068072 -0.1860220 -0.1921423 -0.2003357 -0.1967676 -0.1953409 -0.0439984 -0.1435117
-0.0353699 -0.0866210 -0.1084526 -0.1068298 -0.0568680 -0.0718751 -0.0289102 -0.0840376 -0.0602928 -0.0612518 -0.1169509 -0.0903882 -0.0698741 -0.0720713 -0.0140839 0.1973960 0.1735603 0.1863850 0.1586051 0.1184081 0.1325312 0.1289309 0.1378960 1.0423144 0.1658581 -0.0803689 -0.0492764 -0.1463660 -0.1643741 -0.1560736 -0.1511249 -0.1422516 -0.0951898 -0.0603668
-0.0427633 -0.1063323 -0.1333926 -0.1352822 -0.0949220 -0.0750293 -0.0403864 -0.1058713 -0.0617248 -0.0882069 -0.1519817 -0.0951286 -0.1057256 -0.0651246 -0.0481648 0.2483587 0.1914010 0.2107781 0.1564593 0.1275767 0.1019375 0.1197708 0.1524054 0.1658581 1.0996410 -0.0889080 -0.0698973 -0.0970699 -0.1113571 -0.1021136 -0.1044402 -0.1017471 -0.1108414 -0.0737628
-0.0295064 -0.0827719 -0.1113005 -0.0916338 -0.0713182 0.1922958 0.1521546 0.1879517 0.1538120 -0.0709514 -0.0161162 -0.0549024 -0.0834214 0.1711190 0.0658770 -0.0979325 -0.0914378 -0.0909840 -0.0670474 -0.0357800 -0.0570207 -0.0523399 -0.0250080 -0.0803689 -0.0889080 1.1035714 0.1413210 -0.0802757 -0.0925241 -0.0984334 -0.0873249 -0.0910534 -0.0377976 -0.0558338
-0.0278425 -0.0564287 -0.0944815 -0.0655344 -0.1048203 0.2195821 0.1502257 0.2210054 0.1624731 -0.0939223 -0.0094771 -0.0971638 -0.1144463 0.1668865 0.0820403 -0.0663807 -0.0585978 -0.0645730 -0.0687184 0.0021218 -0.0467482 -0.0200573 -0.0068072 -0.0492764 -0.0698973 0.1413210 1.0934036 -0.1428452 -0.1457143 -0.1673274 -0.1497861 -0.1386013 -0.0014222 -0.1000927
0.0071254 -0.0740570 -0.0343322 -0.0786229 -0.0397167 -0.1554786 -0.1233509 -0.1410138 -0.1492125 -0.0733046 -0.1065845 0.0383147 -0.0428110 -0.1093294 -0.1473401 -0.1165285 -0.1619308 -0.1908167 -0.1588255 -0.1759705 -0.2120962 -0.1648833 -0.1860220 -0.1463660 -0.0970699 -0.0802757 -0.1428452 1.3676912 0.5977262 0.6138480 0.5978321 0.5004362 -0.0597119 -0.0010537
0.0181342 -0.0507875 0.0009696 -0.0383175 -0.0487837 -0.1537807 -0.1431161 -0.1494680 -0.1474935 -0.0773886 -0.0910442 0.0409541 -0.0260947 -0.1256339 -0.1632697 -0.1353346 -0.1721598 -0.1902687 -0.1602369 -0.1755584 -0.1967648 -0.1597752 -0.1921423 -0.1643741 -0.1113571 -0.0925241 -0.1457143 0.5977262 1.3680592 0.5940717 0.5967877 0.4966883 -0.0378218 0.0008828
0.0183086 -0.0511645 0.0070872 -0.0295572 -0.0174076 -0.1813553 -0.1493461 -0.1672689 -0.1648870 -0.0461635 -0.0783767 0.0823387 -0.0111082 -0.1376451 -0.1620990 -0.1416279 -0.1784810 -0.1929040 -0.1643684 -0.1852939 -0.2070303 -0.1711969 -0.2003357 -0.1560736 -0.1021136 -0.0984334 -0.1673274 0.6138480 0.5940717 1.3353840 0.5793304 0.4953054 -0.0383917 0.0367623
0.0153602 -0.0451428 -0.0057144 -0.0442857 -0.0416022 -0.1552644 -0.1374068 -0.1380762 -0.1404537 -0.0668838 -0.0911350 0.0482626 -0.0379794 -0.1232767 -0.1489762 -0.1265821 -0.1741551 -0.1921139 -0.1646527 -0.1727626 -0.2061919 -0.1637566 -0.1967676 -0.1511249 -0.1044402 -0.0873249 -0.1497861 0.5978321 0.5967877 0.5793304 1.3475559 0.4858707 -0.0395409 -0.0073969
0.0081583 -0.0702907 -0.0197638 -0.0422922 0.0162948 -0.1494055 -0.1197372 -0.1383067 -0.1588661 -0.0240289 -0.0755044 0.0950634 0.0250841 -0.1053140 -0.1276233 -0.1237707 -0.1558520 -0.1765502 -0.1410160 -0.1774909 -0.1837818 -0.1604738 -0.1953409 -0.1422516 -0.1017471 -0.0910534 -0.1386013 0.5004362 0.4966883 0.4953054 0.4858707 1.2624166 -0.0734841 0.0442703
0.0671850 0.2709353 0.2115799 0.2409575 -0.1434990 -0.0193121 -0.1096709 -0.0697697 0.0607341 -0.0625629 0.1260275 -0.0974903 -0.1036977 -0.0425121 -0.0117326 -0.1125777 -0.0872698 -0.1102326 -0.1309179 0.0317463 0.0100661 0.0086344 -0.0439984 -0.0951898 -0.1108414 -0.0377976 -0.0014222 -0.0597119 -0.0378218 -0.0383917 -0.0395409 -0.0734841 1.1857455 -0.1157638
0.0148796 -0.0687450 0.0009609 -0.0531677 0.2810166 -0.1057715 -0.0409019 -0.0333008 -0.1610588 0.2236104 0.0117700 0.2388896 0.2812842 -0.0983671 -0.0586765 -0.1250824 -0.0976723 -0.0957786 -0.0369095 -0.1612010 -0.1101953 -0.1457130 -0.1435117 -0.0603668 -0.0737628 -0.0558338 -0.1000927 -0.0010537 0.0008828 0.0367623 -0.0073969 0.0442703 -0.1157638 1.2563515
