0.2460761 0.3596958 0.3942282
0.1832751 0.3444186 0.4723063
0.1334950 0.4867353 0.3797697
0.1104033 0.3883686 0.5012280
0.0788017 0.5009632 0.4202352
0.0300557 0.0000986 0.9698457
0.1692889 0.0057509 0.8249602
0.0000989 0.0112427 0.9886585
0.1197194 0.0000997 0.8801810
0.1080057 0.4463706 0.4456237
0.0000997 0.2965112 0.7033890
0.0001007 0.5895448 0.4103545
0.0349599 0.5424021 0.4226379
0.0581049 0.0245619 0.9173332
0.2369634 0.0543908 0.7086458
0.9780856 0.0218162 0.0000982
0.9620717 0.0242250 0.0137033
0.9985338 0.0000999 0.0013663
0.8738963 0.0459225 0.0801812
0.7862785 0.0001000 0.2136215
0.7860712 0.0001005 0.2138283
0.8199003 0.0135201 0.1665796
0.8311250 0.0000991 0.1687759
0.8639677 0.0542183 0.0818141
0.9031010 0.0967990 0.0001000
0.0457869 0.0989042 0.8553088
0.1006230 0.0112464 0.8881306
0.0054164 0.9944842 0.0000995
0.0016168 0.9982834 0.0000998
0.0022649 0.9976352 0.0000998
0.0000997 0.9964560 0.0034443
0.0060691 0.9584798 0.0354512
0.1442159 0.2749531 0.5808309
0.0702862 0.5403619 0.3893519
