1.0132943 0.0049684 0.0134823 0.0061147 0.0106590 -0.0115058 -0.0132243 -0.0055711 -0.0124469 0.0084524 0.0089809 0.0178254 0.0154307 -0.0099037 -0.0104704 -0.0335603 -0.0336110 -0.0358637 -0.0274625 -0.0304756 -0.0279387 -0.0299571 -0.0328652 -0.0282157 -0.0275716 -0.0060561 -0.0118256 0.0397112 0.0432673 0.0415826 0.0411157 0.0337920 0.0041607 0.0231821
0.0049684 1.0829296 0.0229405 0.0133314 0.0131443 -0.0108609 -0.0251911 -0.0026828 -0.0038742 -0.0016070 0.0110472 0.0055189 0.0053315 -0.0181715 -0.0045170 -0.0658261 -0.0666162 -0.0804137 -0.0632824 -0.0415681 -0.0506114 -0.0508427 -0.0610605 -0.0549748 -0.0545330 -0.0103205 -0.0141834 0.0014600 -0.0002498 -0.0012977 0.0088785 -0.0021779 0.0218930 0.0111625
0.0134823 0.0229405 1.1153110 0.0210085 0.0269519 -0.0640267 -0.0767032 -0.0468445 -0.0579211 0.0222009 0.0153418 0.0236728 0.0369430 -0.0572569 -0.0556522 -0.0988669 -0.0707287 -0.1003194 -0.0769804 -0.0952977 -0.0676777 -0.0679208 -0.0906058 -0.0853785 -0.0853163 -0.0387702 -0.0469333 0.0679259 0.0817116 0.0806424 0.0755729 0.0638425 0.0021590 0.0331100
0.0061147 0.0133314 0.0210085 1.1094022 0.0109713 -0.0224077 -0.0315781 -0.0113444 -0.0163297 0.0034850 0.0419054 0.0323337 0.0348755 -0.0088657 -0.0222043 -0.0996069 -0.0864149 -0.0885982 -0.0861066 -0.0784219 -0.0600073 -0.0732459 -0.0866399 -0.0822500 -0.0893773 -0.0126092 -0.0137096 0.0065379 0.0246433 0.0294467 0.0203347 0.0314341 0.0121238 -0.0007650
0.0106590 0.0131443 0.0269519 0.0109713 1.1008656 -0.0612035 -0.0265151 -0.0265611 -0.0680702 0.0524811 0.0192284 0.0505794 0.0703848 -0.0468808 -0.0333201 -0.1060688 -0.1060118 -0.1036794 -0.0939696 -0.0932280 -0.0955318 -0.0997752 -0.1072795 -0.0888773 -0.1034254 -0.0306047 -0.0475115 0.0793449 0.0738889 0.0810604 0.0768957 0.0795445 -0.0298743 0.0482806
-0.0115058 -0.0108609 -0.0640267 -0.0224077 -0.0612035 1.1280810 0.1530012 0.2350806 0.1656749 -0.0346914 0.0544029 -0.0620052 -0.0643604 0.1683962 0.0993928 -0.1006722 -0.0927367 -0.0738801 -0.0606691 -0.0216793 -0.0173496 -0.0403189 -0.0230857 -0.0707640 -0.0928750 0.1404775 0.1740879 -0.2192937 -0.2095787 -0.2273488 -0.2105061 -0.1926827 0.0312964 -0.0560646
-0.0132243 -0.0251911 -0.0767032 -0.0315781 -0.0265151 0.1530012 1.0798905 0.1442985 0.0963324 -0.0515989 0.0261825 -0.0704813 -0.0649235 0.1251840 0.0963251 -0.0585977 -0.0455275 -0.0455638 -0.0265376 -0.0005841 -0.0076994 -0.0140270 0.0032139 -0.0364613 -0.0647048 0.1019598 0.1157978 -0.1816957 -0.1890019 -0.1904958 -0.1840090 -0.1666587 -0.0017177 -0.0544087
-0.0055711 -0.0026828 -0.0468445 -0.0113444 -0.0265611 0.2350806 0.1442985 1.1846936 0.1585345 -0.0211165 0.0691061 -0.0299776 -0.0362147 0.1660281 0.0969262 -0.1233559 -0.1126674 -0.1273840 -0.0858198 -0.0596772 -0.0567352 -0.0721324 -0.0660908 -0.0915082 -0.1289991 0.1380538 0.1839891 -0.1913789 -0.1896416 -0.2013703 -0.1783490 -0.1771621 0.0205443 -0.0299337
-0.0124469 -0.0038742 -0.0579211 -0.0163297 -0.0680702 0.1656749 0.0963324 0.1585345 1.1078594 -0.0410470 0.0347502 -0.0628567 -0.0532814 0.1630763 0.0675407 -0.0724043 -0.0500359 -0.0405652 -0.0519450 0.0007243 -0.0232746 -0.0333851 -0.0087622 -0.0483683 -0.0641188 0.1247234 0.1287532 -0.2018044 -0.1990074 -0.2060029 -0.1909484 -0.1886097 0.0316474 -0.0770451
0.0084524 -0.0016070 0.0222009 0.0034850 0.0524811 -0.0346914 -0.0515989 -0.0211165 -0.0410470 1.0502733 0.0505379 0.0495868 0.0539459 -0.0463804 -0.0519126 -0.1076360 -0.0830656 -0.0965635 -0.0871321 -0.0785117 -0.0677482 -0.0818162 -0.0775876 -0.0813292 -0.0817132 -0.0134467 -0.0296243 0.0448244 0.0381317 0.0479687 0.0457604 0.0447670 -0.0173590 0.0399888
0.0089809 0.0110472 0.0153418 0.0419054 0.0192284 0.0544029 0.0261825 0.0691061 0.0347502 0.0505379 1.1111647 0.0257908 0.0274707 0.0499405 0.0103612 -0.1535469 -0.1410630 -0.1254811 -0.1199654 -0.0827108 -0.0790946 -0.0932652 -0.1071487 -0.1115580 -0.1291285 0.0456693 0.0394625 -0.0331911 -0.0297148 -0.0250709 -0.0296680 -0.0210190 0.0192104 -0.0099139
0.0178254 0.0055189 0.0236728 0.0323337 0.0505794 -0.0620052 -0.0704813 -0.0299776 -0.0628567 0.0495868 0.0257908 1.1194180 0.0755614 -0.0500830 -0.0415945 -0.1504493 -0.1374655 -0.1442966 -0.1156158 -0.1393661 -0.1256557 -0.1246463 -0.1493414 -0.1160894 -0.1035825 -0.0292782 -0.0585342 0.1248971 0.1318485 0.1550145 0.1357804 0.1401667 -0.0059755 0.0733081
0.0154307 0.0053315 0.0369430 0.0348755 0.0703848 -0.0643604 -0.0649235 -0.0362147 -0.0532814 0.0539459 0.0274707 0.0755614 1.1318550 -0.0364045 -0.0598473 -0.1271424 -0.1181758 -0.1257323 -0.1019455 -0.1144569 -0.1058584 -0.1227630 -0.1288130 -0.1005901 -0.1083550 -0.0308455 -0.0502700 0.0960375 0.1148388 0.1032875 0.0977974 0.1053738 -0.0184523 0.0557424
-0.0099037 -0.0181715 -0.0572569 -0.0088657 -0.0468808 0.1683962 0.1251840 0.1660281 0.1630763 -0.0463804 0.0499405 -0.0500830 -0.0364045 1.1292461 0.0712964 -0.0916047 -0.0845733 -0.0846667 -0.0638240 -0.0246860 -0.0406221 -0.0403181 -0.0160845 -0.0709321 -0.0829634 0.1181025 0.1216076 -0.1760836 -0.1834051 -0.1857021 -0.1805129 -0.1509043 0.0147260 -0.0555065
-0.0104704 -0.0045170 -0.0556522 -0.0222043 -0.0333201 0.0993928 0.0963251 0.0969262 0.0675407 -0.0519126 0.0103612 -0.0415945 -0.0598473 0.0712964 1.0877111 -0.0516667 -0.0219254 -0.0134946 -0.0090003 -0.0004188 -0.0012050 -0.0047399 -0.0016478 -0.0154977 -0.0546416 0.0533324 0.0721221 -0.1593816 -0.1728148 -0.1702286 -0.1583423 -0.1369918 0.0132585 -0.0589630
-0.0335603 -0.0658261 -0.0988669 -0.0996069 -0.1060688 -0.1006722 -0.0585977 -0.1233559 -0.0724043 -0.1076360 -0.1535469 -0.1504493 -0.1271424 -0.0916047 -0.0516667 1.1487657 0.2443956 0.2667827 0.1926276 0.1827941 0.1529454 0.1591315 0.1912483 0.1977070 0.2428229 -0.1158091 -0.0810351 -0.1437561 -0.1583715 -0.1617368 -0.1497232 -0.1437048 -0.0821832 -0.1198859
-0.0336110 -0.0666162 -0.0707287 -0.0864149 -0.1060118 -0.0927367 -0.0455275 -0.1126674 -0.0500359 -0.0830656 -0.1410630 -0.1374655 -0.1181758 -0.0845733 -0.0219254 0.2443956 1.0730338 0.2450742 0.1674690 0.1465970 0.1491033 0.1830342 0.1971746 0.1726417 0.1919494 -0.0900282 -0.0575177 -0.1579782 -0.1676292 -0.1750446 -0.1699987 -0.1536787 -0.0792518 -0.1084003
-0.0358637 -0.0804137 -0.1003194 -0.0885982 -0.1036794 -0.0738801 -0.0455638 -0.1273840 -0.0405652 -0.0965635 -0.1254811 -0.1442966 -0.1257323 -0.0846667 -0.0134946 0.2667827 0.2450742 1.1129588 0.2046632 0.1847378 0.1660338 0.1856671 0.1783528 0.1827170 0.2083977 -0.0914292 -0.0628593 -0.1868780 -0.1840964 -0.1887474 -0.1868898 -0.1762096 -0.0850455 -0.1209829
-0.0274625 -0.0632824 -0.0769804 -0.0861066 -0.0939696 -0.0606691 -0.0265376 -0.0858198 -0.0519450 -0.0871321 -0.1199654 -0.1156158 -0.1019455 -0.0638240 -0.0090003 0.1926276 0.1674690 0.2046632 1.0800998 0.1223825 0.1484117 0.1362479 0.1682279 0.1520556 0.1507875 -0.0736230 -0.0672663 -0.1555479 -0.1515351 -0.1600014 -0.1575675 -0.1452907 -0.0698998 -0.0927339
-0.0304756 -0.0415681 -0.0952977 -0.0784219 -0.0932280 -0.0216793 -0.0005841 -0.0596772 0.0007243 -0.0785117 -0.0827108 -0.1393661 -0.1144569 -0.0246860 -0.0004188 0.1827941 0.1465970 0.1847378 0.1223825 1.0510584 0.1181274 0.1196168 0.1460576 0.1313960 0.1386843 -0.0344993 -0.0044287 -0.1898877 -0.1933700 -0.1985469 -0.1892091 -0.1819893 -0.0198641 -0.1141227
-0.0279387 -0.0506114 -0.0676777 -0.0600073 -0.0955318 -0.0173496 -0.0076994 -0.0567352 -0.0232746 -0.0677482 -0.0790946 -0.1256557 -0.1058584 -0.0406221 -0.0012050 0.1529454 0.1491033 0.1660338 0.1484117 0.1181274 1.0514860 0.1357620 0.1519610 0.1418489 0.1183305 -0.0336782 -0.0312716 -0.1915723 -0.1817643 -0.1938600 -0.1908975 -0.1669272 -0.0436487 -0.1063411
-0.0299571 -0.0508427 -0.0679208 -0.0732459 -0.0997752 -0.0403189 -0.0140270 -0.0721324 -0.0333851 -0.0818162 -0.0932652 -0.1246463 -0.1227630 -0.0403181 -0.0047399 0.1591315 0.1830342 0.1856671 0.1362479 0.1196168 0.1357620 1.0285766 0.1483651 0.1407128 0.1315841 -0.0470923 -0.0223159 -0.1719029 -0.1708500 -0.1788937 -0.1737334 -0.1603071 -0.0425267 -0.1058648
-0.0328652 -0.0610605 -0.0906058 -0.0866399 -0.1072795 -0.0230857 0.0032139 -0.0660908 -0.0087622 -0.0775876 -0.1071487 -0.1493414 -0.1288130 -0.0160845 -0.0016478 0.1912483 0.1971746 0.1783528 0.1682279 0.1460576 0.1519610 0.1483651 1.0944966 0.1423531 0.1531004 -0.0338831 -0.0182945 -0.2005987 -0.2065838 -0.2112125 -0.2106982 -0.2032301 -0.0503798 -0.1191923
-0.0282157 -0.0549748 -0.0853785 -0.0822500 -0.0888773 -0.0707640 -0.0364613 -0.0915082 -0.0483683 -0.0813292 -0.1115580 -0.1160894 -0.1005901 -0.0709321 -0.0154977 0.1977070 0.1726417 0.1827170 0.1520556 0.1313960 0.1418489 0.1407128 0.1423531 1.0410435 0.1628227 -0.0801490 -0.0461071 -0.1416101 -0.1574198 -0.1511844 -0.1447066 -0.1418173 -0.0648066 -0.0906682
-0.0275716 -0.0545330 -0.0853163 -0.0893773 -0.1034254 -0.0928750 -0.0647048 -0.1289991 -0.0641188 -0.0817132 -0.1291285 -0.1035825 -0.1083550 -0.0829634 -0.0546416 0.2428229 0.1919494 0.2083977 0.1507875 0.1386843 0.1183305 0.1315841 0.1531004 0.1628227 1.0994537 -0.1030409 -0.0801016 -0.1151474 -0.1249635 -0.1143973 -0.1184001 -0.1164626 -0.0729605 -0.0828289
-0.0060561 -0.0103205 -0.0387702 -0.0126092 -0.0306047 0.1404775 0.1019598 0.1380538 0.1247234 -0.0134467 0.0456693 -0.0292782 -0.0308455 0.1181025 0.0533324 -0.1158091 -0.0900282 -0.0914292 -0.0736230 -0.0344993 -0.0336782 -0.0470923 -0.0338831 -0.0801490 -0.1030409 1.0830005 0.1057857 -0.1306427 -0.1356744 -0.1345447 -0.1304138 -0.1263095 0.0108374 -0.0269399
-0.0118256 -0.0141834 -0.0469333 -0.0137096 -0.0475115 0.1740879 0.1157978 0.1839891 0.1287532 -0.0296243 0.0394625 -0.0585342 -0.0502700 0.1216076 0.0721221 -0.0810351 -0.0575177 -0.0628593 -0.0672663 -0.0044287 -0.0312716 -0.0223159 -0.0182945 -0.0461071 -0.0801016 0.1057857 1.0780463 -0.1851898 -0.1837860 -0.1979736 -0.1872833 -0.1657158 0.0205499 -0.0555960
0.0397112 0.0014600 0.0679259 0.0065379 0.0793449 -0.2192937 -0.1816957 -0.1913789 -0.2018044 0.0448244 -0.0331911 0.1248971 0.0960375 -0.1760836 -0.1593816 -0.1437561 -0.1579782 -0.1868780 -0.1555479 -0.1898877 -0.1915723 -0.1719029 -0.2005987 -0.1416101 -0.1151474 -0.1306427 -0.1851898 1.3039494 0.4678786 0.5021994 0.4699931 0.4089765 -0.0379890 0.1044222
0.0432673 -0.0002498 0.0817116 0.0246433 0.0738889 -0.2095787 -0.1890019 -0.1896416 -0.1990074 0.0381317 -0.0297148 0.1318485 0.1148388 -0.1834051 -0.1728148 -0.1583715 -0.1676292 -0.1840964 -0.1515351 -0.1933700 -0.1817643 -0.1708500 -0.2065838 -0.1574198 -0.1249635 -0.1356744 -0.1837860 0.4678786 1.3137540 0.4872878 0.4755249 0.4119453 -0.0366301 0.1122541
0.0415826 -0.0012977 0.0806424 0.0294467 0.0810604 -0.2273488 -0.1904958 -0.2013703 -0.2060029 0.0479687 -0.0250709 0.1550145 0.1032875 -0.1857021 -0.1702286 -0.1617368 -0.1750446 -0.1887474 -0.1600014 -0.1985469 -0.1938600 -0.1788937 -0.2112125 -0.1511844 -0.1143973 -0.1345447 -0.1979736 0.5021994 0.4872878 1.2982802 0.4741223 0.4204599 -0.0314520 0.1261930
0.0411157 0.0088785 0.0755729 0.0203347 0.0768957 -0.2105061 -0.1840090 -0.1783490 -0.1909484 0.0457604 -0.0296680 0.1357804 0.0977974 -0.1805129 -0.1583423 -0.1497232 -0.1699987 -0.1868898 -0.1575675 -0.1892091 -0.1908975 -0.1737334 -0.2106982 -0.1447066 -0.1184001 -0.1304138 -0.1872833 0.4699931 0.4755249 0.4741223 1.2956030 0.4024056 -0.0350491 0.0990855
0.0337920 -0.0021779 0.0638425 0.0314341 0.0795445 -0.1926827 -0.1666587 -0.1771621 -0.1886097 0.0447670 -0.0210190 0.1401667 0.1053738 -0.1509043 -0.1369918 -0.1437048 -0.1536787 -0.1762096 -0.1452907 -0.1819893 -0.1669272 -0.1603071 -0.2032301 -0.1418173 -0.1164626 -0.1263095 -0.1657158 0.4089765 0.4119453 0.4204599 0.4024056 1.2374794 -0.0427294 0.0989379
0.0041607 0.0218930 0.0021590 0.0121238 -0.0298743 0.0312964 -0.0017177 0.0205443 0.0316474 -0.0173590 0.0192104 -0.0059755 -0.0184523 0.0147260 0.0132585 -0.0821832 -0.0792518 -0.0850455 -0.0698998 -0.0198641 -0.0436487 -0.0425267 -0.0503798 -0.0648066 -0.0729605 0.0108374 0.0205499 -0.0379890 -0.0366301 -0.0314520 -0.0350491 -0.0427294 1.0332102 0.0005098
0.0231821 0.0111625 0.0331100 -0.0007650 0.0482806 -0.0560646 -0.0544087 -0.0299337 -0.0770451 0.0399888 -0.0099139 0.0733081 0.0557424 -0.0555065 -0.0589630 -0.1198859 -0.1084003 -0.1209829 -0.0927339 -0.1141227 -0.1063411 -0.1058648 -0.1191923 -0.0906682 -0.0828289 -0.0269399 -0.0555960 0.1044222 0.1122541 0.1261930 0.0990855 0.0989379 0.0005098 1.1256446
