1.0195664 0.0310741 0.0481582 0.0391852 0.0453204 -0.0346028 -0.0332851 -0.0248624 -0.0307991 0.0449546 0.0357101 0.0396172 0.0535027 -0.0327764 -0.0145542 -0.0428447 -0.0332827 -0.0357047 -0.0275183 -0.0349763 -0.0194618 -0.0317506 -0.0390077 -0.0275430 -0.0343583 -0.0230008 -0.0272664 0.0087053 0.0153397 0.0179228 0.0132569 0.0141971 0.0139913 0.0487798
0.0310741 1.1343595 0.1231768 0.1090291 0.1147016 -0.0791825 -0.0843170 -0.0612602 -0.0583099 0.1036747 0.0848439 0.0695232 0.1189281 -0.0861392 -0.0182199 -0.0896538 -0.0630296 -0.0771939 -0.0609689 -0.0535526 -0.0254152 -0.0546134 -0.0770392 -0.0509245 -0.0721248 -0.0623597 -0.0606074 -0.0878661 -0.0815363 -0.0699450 -0.0721015 -0.0600640 0.0497075 0.0879257
0.0481582 0.1231768 1.1996136 0.1396378 0.1509025 -0.1409300 -0.1441585 -0.1128464 -0.1195466 0.1511127 0.1087635 0.1014593 0.1765703 -0.1351389 -0.0699502 -0.1300301 -0.0690255 -0.0988502 -0.0760732 -0.1107369 -0.0368088 -0.0744010 -0.1113350 -0.0817001 -0.1088921 -0.0997846 -0.1007817 -0.0430907 -0.0208106 -0.0050234 -0.0249874 -0.0088270 0.0374447 0.1271768
0.0391852 0.1090291 0.1396378 1.1868552 0.1319367 -0.1044132 -0.1022997 -0.0815863 -0.0818181 0.1283860 0.1281782 0.1088882 0.1704440 -0.0908572 -0.0393051 -0.1265715 -0.0820813 -0.0848776 -0.0831009 -0.0928234 -0.0303671 -0.0783691 -0.1058405 -0.0773517 -0.1095240 -0.0761731 -0.0706917 -0.0935910 -0.0674545 -0.0474774 -0.0705058 -0.0342684 0.0441262 0.0910328
0.0453204 0.1147016 0.1509025 0.1319367 1.1838293 -0.1394827 -0.0961565 -0.0942629 -0.1296276 0.1831003 0.1138695 0.1279243 0.2100287 -0.1263652 -0.0477531 -0.1356069 -0.1018140 -0.0998292 -0.0909002 -0.1066403 -0.0619611 -0.1038067 -0.1256610 -0.0837829 -0.1251799 -0.0927623 -0.1009719 -0.0375818 -0.0330396 -0.0098688 -0.0287666 0.0020104 0.0064657 0.1423301
-0.0346028 -0.0791825 -0.1409300 -0.1044132 -0.1394827 1.1625307 0.2064447 0.2886744 0.2154564 -0.1193145 -0.0139955 -0.1118851 -0.1512231 0.2305735 0.1106294 -0.0784196 -0.0937210 -0.0745026 -0.0612960 -0.0115038 -0.0409388 -0.0377296 -0.0078628 -0.0734375 -0.0762044 0.1886163 0.2176584 -0.1548541 -0.1524034 -0.1803555 -0.1537879 -0.1507640 0.0060458 -0.1159197
-0.0332851 -0.0843170 -0.1441585 -0.1022997 -0.0961565 0.2064447 1.1065947 0.1915538 0.1391233 -0.1249853 -0.0311570 -0.1132446 -0.1407486 0.1789261 0.1062275 -0.0416906 -0.0491965 -0.0491457 -0.0293507 0.0066588 -0.0301935 -0.0135664 0.0144017 -0.0410982 -0.0524124 0.1440689 0.1534147 -0.1204605 -0.1344370 -0.1452998 -0.1298301 -0.1266613 -0.0229004 -0.1064193
-0.0248624 -0.0612602 -0.1128464 -0.0815863 -0.0942629 0.2886744 0.1915538 1.2092828 0.2021580 -0.0938236 0.0101493 -0.0734136 -0.1112716 0.2206239 0.1074910 -0.1041815 -0.1130589 -0.1274136 -0.0858667 -0.0505942 -0.0758389 -0.0695285 -0.0524140 -0.0930609 -0.1145704 0.1803798 0.2223197 -0.1394948 -0.1436632 -0.1642478 -0.1327578 -0.1437075 -0.0004503 -0.0809933
-0.0307991 -0.0583099 -0.1195466 -0.0818181 -0.1296276 0.2154564 0.1391233 0.2021580 1.1292590 -0.1082175 -0.0188232 -0.1019517 -0.1220718 0.2121648 0.0768781 -0.0556608 -0.0525280 -0.0428070 -0.0533236 0.0082573 -0.0429125 -0.0320994 0.0025113 -0.0513270 -0.0517575 0.1632579 0.1641954 -0.1510738 -0.1545238 -0.1690429 -0.1462203 -0.1558957 0.0122745 -0.1238341
0.0449546 0.1036747 0.1511127 0.1283860 0.1831003 -0.1193145 -0.1249853 -0.0938236 -0.1082175 1.1428483 0.1467025 0.1315984 0.2013208 -0.1307696 -0.0680104 -0.1382649 -0.0792935 -0.0927604 -0.0843354 -0.0935467 -0.0351229 -0.0872074 -0.0983097 -0.0761243 -0.1046397 -0.0800618 -0.0880471 -0.0709466 -0.0677091 -0.0413517 -0.0587183 -0.0315127 0.0189636 0.1394200
0.0357101 0.0848439 0.1087635 0.1281782 0.1138695 -0.0139955 -0.0311570 0.0101493 -0.0188232 0.1467025 1.1577979 0.0855566 0.1333999 -0.0171376 -0.0050956 -0.1708991 -0.1351896 -0.1200003 -0.1152697 -0.0931578 -0.0553212 -0.0961598 -0.1205520 -0.1053701 -0.1413173 -0.0061941 -0.0069338 -0.1099616 -0.1005457 -0.0838934 -0.0991202 -0.0710852 0.0428451 0.0629180
0.0396172 0.0695232 0.1014593 0.1088882 0.1279243 -0.1118851 -0.1132446 -0.0734136 -0.1019517 0.1315984 0.0855566 1.1518553 0.1612488 -0.1000434 -0.0498646 -0.1676074 -0.1341643 -0.1408807 -0.1132953 -0.1471547 -0.1030374 -0.1264999 -0.1601070 -0.1121574 -0.1169579 -0.0681474 -0.0925444 0.0501598 0.0636034 0.0974426 0.0687695 0.0916665 0.0168307 0.1314316
0.0535027 0.1189281 0.1765703 0.1704440 0.2100287 -0.1512231 -0.1407486 -0.1112716 -0.1220718 0.2013208 0.1333999 0.1612488 1.2377764 -0.1247732 -0.0746032 -0.1576232 -0.1111199 -0.1192439 -0.0968127 -0.1274375 -0.0663545 -0.1252325 -0.1466130 -0.0929928 -0.1312395 -0.1001551 -0.1098836 -0.0396904 -0.0109903 -0.0033341 -0.0254544 0.0141475 0.0220047 0.1606809
-0.0327764 -0.0861392 -0.1351389 -0.0908572 -0.1263652 0.2305735 0.1789261 0.2206239 0.2121648 -0.1307696 -0.0171376 -0.1000434 -0.1247732 1.1640002 0.0832691 -0.0705088 -0.0871666 -0.0871631 -0.0658457 -0.0153402 -0.0647065 -0.0385948 -0.0020137 -0.0750962 -0.0674830 0.1665281 0.1650454 -0.1068837 -0.1218444 -0.1348327 -0.1194884 -0.1061696 -0.0097350 -0.1156210
-0.0145542 -0.0182199 -0.0699502 -0.0393051 -0.0477531 0.1106294 0.1062275 0.1074910 0.0768781 -0.0680104 -0.0050956 -0.0498646 -0.0746032 0.0832691 1.0887951 -0.0473755 -0.0221591 -0.0137558 -0.0092522 0.0012235 -0.0075635 -0.0047640 0.0012227 -0.0163783 -0.0513958 0.0626256 0.0811481 -0.1486263 -0.1634873 -0.1625424 -0.1492698 -0.1300674 0.0080846 -0.0688916
-0.0428447 -0.0896538 -0.1300301 -0.1265715 -0.1356069 -0.0784196 -0.0416906 -0.1041815 -0.0556608 -0.1382649 -0.1708991 -0.1676074 -0.1576232 -0.0705088 -0.0473755 1.1505437 0.2395426 0.2620051 0.1888210 0.1850961 0.1413355 0.1588433 0.1940972 0.1932510 0.2446145 -0.0995378 -0.0665974 -0.1139117 -0.1306569 -0.1387135 -0.1225386 -0.1245041 -0.0896098 -0.1427115
-0.0332827 -0.0630296 -0.0690255 -0.0820813 -0.1018140 -0.0937210 -0.0491965 -0.1130589 -0.0525280 -0.0792935 -0.1351896 -0.1341643 -0.1111199 -0.0871666 -0.0221591 0.2395426 1.0708623 0.2437649 0.1662843 0.1461324 0.1483438 0.1828713 0.1955646 0.1715459 0.1887694 -0.0921783 -0.0588347 -0.1624186 -0.1714833 -0.1784810 -0.1739198 -0.1574503 -0.0772857 -0.1056891
-0.0357047 -0.0771939 -0.0988502 -0.0848776 -0.0998292 -0.0745026 -0.0491457 -0.1274136 -0.0428070 -0.0927604 -0.1200003 -0.1408807 -0.1192439 -0.0871631 -0.0137558 0.2620051 0.2437649 1.1104497 0.2035366 0.1843881 0.1650141 0.1856212 0.1768921 0.1816604 0.2053737 -0.0932799 -0.0639334 -0.1908428 -0.1877872 -0.1922194 -0.1904445 -0.1798572 -0.0832483 -0.1185671
-0.0275183 -0.0609689 -0.0760732 -0.0831009 -0.0909002 -0.0612960 -0.0293507 -0.0858667 -0.0533236 -0.0843354 -0.1152697 -0.1132953 -0.0968127 -0.0658457 -0.0092522 0.1888210 0.1662843 0.2035366 1.0781810 0.1220311 0.1472024 0.1361283 0.1670026 0.1510292 0.1483475 -0.0752057 -0.0678774 -0.1583273 -0.1541823 -0.1624808 -0.1601505 -0.1479061 -0.0685738 -0.0911319
-0.0349763 -0.0535526 -0.1107369 -0.0928234 -0.1066403 -0.0115038 0.0066588 -0.0505942 0.0082573 -0.0935467 -0.0931578 -0.1471547 -0.1274375 -0.0153402 0.0012235 0.1850961 0.1461324 0.1843881 0.1220311 1.0500894 0.1127511 0.1207132 0.1487684 0.1305668 0.1408062 -0.0273978 0.0027768 -0.1794974 -0.1839781 -0.1912450 -0.1802005 -0.1760848 -0.0240692 -0.1245323
-0.0194618 -0.0254152 -0.0368088 -0.0303671 -0.0619611 -0.0409388 -0.0301935 -0.0758389 -0.0429125 -0.0351229 -0.0553212 -0.1030374 -0.0663545 -0.0647065 -0.0075635 0.1413355 0.1483438 0.1650141 0.1472024 0.1127511 1.0575024 0.1329943 0.1443811 0.1412386 0.1104181 -0.0523047 -0.0475677 -0.2143922 -0.2023328 -0.2105068 -0.2113066 -0.1820469 -0.0349842 -0.0807410
-0.0317506 -0.0546134 -0.0744010 -0.0783691 -0.1038067 -0.0377296 -0.0135664 -0.0695285 -0.0320994 -0.0872074 -0.0961598 -0.1264999 -0.1252325 -0.0385948 -0.0047640 0.1588433 0.1828713 0.1856212 0.1361283 0.1207132 0.1329943 1.0270928 0.1492335 0.1403576 0.1318733 -0.0457363 -0.0206442 -0.1683004 -0.1675589 -0.1764008 -0.1707806 -0.1587715 -0.0438306 -0.1092933
-0.0390077 -0.0770392 -0.1113350 -0.1058405 -0.1256610 -0.0078628 0.0144017 -0.0524140 0.0025113 -0.0983097 -0.1205520 -0.1601070 -0.1466130 -0.0020137 0.0012227 0.1940972 0.1955646 0.1768921 0.1670026 0.1487684 0.1443811 0.1492335 1.0943459 0.1406681 0.1553957 -0.0230149 -0.0077134 -0.1867088 -0.1939866 -0.2014026 -0.1984069 -0.1949842 -0.0556259 -0.1335110
-0.0275430 -0.0509245 -0.0817001 -0.0773517 -0.0837829 -0.0734375 -0.0410982 -0.0930609 -0.0513270 -0.0761243 -0.1053701 -0.1121574 -0.0929928 -0.0750962 -0.0163783 0.1932510 0.1715459 0.1816604 0.1510292 0.1305668 0.1412386 0.1403576 0.1406681 1.0397052 0.1599087 -0.0832381 -0.0484384 -0.1454674 -0.1605712 -0.1542648 -0.1480643 -0.1451549 -0.0630544 -0.0870509
-0.0343583 -0.0721248 -0.1088921 -0.1095240 -0.1251799 -0.0762044 -0.0524124 -0.1145704 -0.0517575 -0.1046397 -0.1413173 -0.1169579 -0.1312395 -0.0674830 -0.0513958 0.2446145 0.1887694 0.2053737 0.1483475 0.1408062 0.1104181 0.1318733 0.1553957 0.1599087 1.0989543 -0.0911721 -0.0694576 -0.0927487 -0.1041463 -0.0973807 -0.0979778 -0.1023045 -0.0783595 -0.1005427
-0.0230008 -0.0623597 -0.0997846 -0.0761731 -0.0927623 0.1886163 0.1440689 0.1803798 0.1632579 -0.0800618 -0.0061941 -0.0681474 -0.1001551 0.1665281 0.0626256 -0.0995378 -0.0921783 -0.0932799 -0.0752057 -0.0273978 -0.0523047 -0.0457363 -0.0230149 -0.0832381 -0.0911721 1.1025801 0.1399596 -0.0779206 -0.0886630 -0.0956598 -0.0835590 -0.0918572 -0.0076143 -0.0735997
-0.0272664 -0.0606074 -0.1007817 -0.0706917 -0.1009719 0.2176584 0.1534147 0.2223197 0.1641954 -0.0880471 -0.0069338 -0.0925444 -0.1098836 0.1650454 0.0811481 -0.0665974 -0.0588347 -0.0639334 -0.0678774 0.0027768 -0.0475677 -0.0206442 -0.0077134 -0.0484384 -0.0694576 0.1399596 1.0930210 -0.1446823 -0.1479880 -0.1688879 -0.1517862 -0.1399132 0.0043536 -0.0961674
0.0087053 -0.0878661 -0.0430907 -0.0935910 -0.0375818 -0.1548541 -0.1204605 -0.1394948 -0.1510738 -0.0709466 -0.1099616 0.0501598 -0.0396904 -0.1068837 -0.1486263 -0.1139117 -0.1624186 -0.1908428 -0.1583273 -0.1794974 -0.2143922 -0.1683004 -0.1867088 -0.1454674 -0.0927487 -0.0779206 -0.1446823 1.3730481 0.5984836 0.6144407 0.5985428 0.5036433 -0.0706347 0.0151953
0.0153397 -0.0815363 -0.0208106 -0.0674545 -0.0330396 -0.1524034 -0.1344370 -0.1436632 -0.1545238 -0.0677091 -0.1005457 0.0636034 -0.0109903 -0.1218444 -0.1634873 -0.1306569 -0.1714833 -0.1877872 -0.1541823 -0.1839781 -0.2023328 -0.1675589 -0.1939866 -0.1605712 -0.1041463 -0.0886630 -0.1479880 0.5984836 1.3705599 0.5936638 0.5956447 0.5016249 -0.0667616 0.0306602
0.0179228 -0.0699450 -0.0050234 -0.0474774 -0.0098688 -0.1803555 -0.1452998 -0.1642478 -0.1690429 -0.0413517 -0.0838934 0.0974426 -0.0033341 -0.1348327 -0.1625424 -0.1387135 -0.1784810 -0.1922194 -0.1624808 -0.1912450 -0.2105068 -0.1764008 -0.2014026 -0.1542648 -0.0973807 -0.0956598 -0.1688879 0.6144407 0.5936638 1.3387575 0.5789084 0.4987127 -0.0565452 0.0572250
0.0132569 -0.0721015 -0.0249874 -0.0705058 -0.0287666 -0.1537879 -0.1298301 -0.1327578 -0.1462203 -0.0587183 -0.0991202 0.0687695 -0.0254544 -0.1194884 -0.1492698 -0.1225386 -0.1739198 -0.1904445 -0.1601505 -0.1802005 -0.2113066 -0.1707806 -0.1984069 -0.1480643 -0.0979778 -0.0835590 -0.1517862 0.5985428 0.5956447 0.5789084 1.3509302 0.4902803 -0.0647719 0.0190115
0.0141971 -0.0600640 -0.0088270 -0.0342684 0.0020104 -0.1507640 -0.1266613 -0.1437075 -0.1558957 -0.0315127 -0.0710852 0.0916665 0.0141475 -0.1061696 -0.1300674 -0.1245041 -0.1574503 -0.1798572 -0.1479061 -0.1760848 -0.1820469 -0.1587715 -0.1949842 -0.1451549 -0.1023045 -0.0918572 -0.1399132 0.5036433 0.5016249 0.4987127 0.4902803 1.2655628 -0.0634279 0.0410198
0.0139913 0.0497075 0.0374447 0.0441262 0.0064657 0.0060458 -0.0229004 -0.0004503 0.0122745 0.0189636 0.0428451 0.0168307 0.0220047 -0.0097350 0.0080846 -0.0896098 -0.0772857 -0.0832483 -0.0685738 -0.0240692 -0.0349842 -0.0438306 -0.0556259 -0.0630544 -0.0783595 -0.0076143 0.0043536 -0.0706347 -0.0667616 -0.0565452 -0.0647719 -0.0634279 1.0410364 0.0280773
0.0487798 0.0879257 0.1271768 0.0910328 0.1423301 -0.1159197 -0.1064193 -0.0809933 -0.1238341 0.1394200 0.0629180 0.1314316 0.1606809 -0.1156210 -0.0688916 -0.1427115 -0.1056891 -0.1185671 -0.0911319 -0.1245323 -0.0807410 -0.1092933 -0.1335110 -0.0870509 -0.1005427 -0.0735997 -0.0961674 0.0151953 0.0306602 0.0572250 0.0190115 0.0410198 0.0280773 1.1726406
