1.0132514 0.0037900 0.0132102 0.0043544 0.0096830 -0.0210465 -0.0191467 -0.0153805 -0.0196041 0.0073776 0.0041678 0.0166619 0.0143150 -0.0175278 -0.0144527 -0.0255324 -0.0263852 -0.0285202 -0.0214763 -0.0264476 -0.0237425 -0.0252260 -0.0280078 -0.0223912 -0.0204791 -0.0123665 -0.0190749 0.0431273 0.0465268 0.0450202 0.0442381 0.0364000 0.0015338 0.0224286
0.0037900 1.0793229 0.0216941 0.0068961 0.0095975 -0.0394207 -0.0443879 -0.0342455 -0.0263738 -0.0057692 -0.0058078 0.0013133 0.0012737 -0.0427259 -0.0180944 -0.0396604 -0.0444294 -0.0574598 -0.0449059 -0.0294926 -0.0382743 -0.0367872 -0.0469137 -0.0370094 -0.0314309 -0.0322339 -0.0369869 0.0147782 0.0126688 0.0120356 0.0212897 0.0085115 0.0128577 0.0086575
0.0132102 0.0216941 1.1162535 0.0192402 0.0262528 -0.0779134 -0.0851707 -0.0604667 -0.0681079 0.0213826 0.0096141 0.0230634 0.0361866 -0.0681117 -0.0612238 -0.0899069 -0.0617385 -0.0918179 -0.0698097 -0.0907922 -0.0626983 -0.0624878 -0.0849269 -0.0786593 -0.0768563 -0.0474448 -0.0573017 0.0736961 0.0873510 0.0864797 0.0808024 0.0681561 -0.0011838 0.0327289
0.0043544 0.0068961 0.0192402 1.1028820 0.0060106 -0.0594321 -0.0560377 -0.0519040 -0.0449456 -0.0021264 0.0196461 0.0263594 0.0292980 -0.0406796 -0.0403151 -0.0653336 -0.0567462 -0.0575137 -0.0610518 -0.0620274 -0.0430651 -0.0538327 -0.0674032 -0.0579948 -0.0589555 -0.0413261 -0.0429990 0.0228276 0.0406595 0.0458506 0.0354455 0.0445273 0.0004399 -0.0043649
0.0096830 0.0095975 0.0262528 0.0060106 1.0999138 -0.0873260 -0.0425316 -0.0533958 -0.0877806 0.0498189 0.0061647 0.0477925 0.0676108 -0.0678380 -0.0448162 -0.0851819 -0.0876187 -0.0843682 -0.0781239 -0.0829663 -0.0849474 -0.0875588 -0.0951706 -0.0735008 -0.0841189 -0.0486485 -0.0670870 0.0901749 0.0843728 0.0919483 0.0868011 0.0879956 -0.0372680 0.0465041
-0.0210465 -0.0394207 -0.0779134 -0.0594321 -0.0873260 1.0345621 0.0689009 0.0920598 0.0688675 -0.0617589 -0.0322303 -0.0947331 -0.0949707 0.0577344 0.0380860 0.0383168 0.0243397 0.0523655 0.0396369 0.0474826 0.0526482 0.0390358 0.0570510 0.0264326 0.0292272 0.0366303 0.0739223 -0.1793209 -0.1711130 -0.1888914 -0.1748205 -0.1605391 -0.0136943 -0.0780496
-0.0191467 -0.0443879 -0.0851707 -0.0560377 -0.0425316 0.0689009 1.0359204 0.0474153 0.0295739 -0.0691316 -0.0323914 -0.0905868 -0.0839973 0.0495440 0.0535630 0.0347918 0.0323435 0.0373514 0.0393288 0.0438063 0.0367836 0.0372540 0.0542990 0.0272568 0.0163565 0.0307270 0.0466786 -0.1488283 -0.1575118 -0.1585805 -0.1542684 -0.1398998 -0.0324258 -0.0672295
-0.0153805 -0.0342455 -0.0604667 -0.0519040 -0.0533958 0.0920598 0.0474153 1.0677722 0.0465205 -0.0494695 -0.0275297 -0.0633346 -0.0678474 0.0387133 0.0264203 0.0285678 0.0157054 0.0077191 0.0233451 0.0143530 0.0182958 0.0136746 0.0194869 0.0154382 0.0038883 0.0199079 0.0692985 -0.1391498 -0.1399037 -0.1511283 -0.1309744 -0.1351468 -0.0302630 -0.0517901
-0.0196041 -0.0263738 -0.0681079 -0.0449456 -0.0877806 0.0688675 0.0295739 0.0465205 1.0499012 -0.0617892 -0.0325965 -0.0870283 -0.0761037 0.0756861 0.0186657 0.0363417 0.0411024 0.0571745 0.0246799 0.0530821 0.0288911 0.0265244 0.0519489 0.0266170 0.0312220 0.0426899 0.0495453 -0.1661710 -0.1652044 -0.1715374 -0.1585349 -0.1601021 -0.0038311 -0.0929041
0.0073776 -0.0057692 0.0213826 -0.0021264 0.0498189 -0.0617589 -0.0691316 -0.0494695 -0.0617892 1.0481348 0.0360672 0.0462510 0.0507001 -0.0690133 -0.0644133 -0.0851390 -0.0626554 -0.0758523 -0.0700736 -0.0676733 -0.0562422 -0.0688836 -0.0645801 -0.0647678 -0.0605477 -0.0331211 -0.0506001 0.0570842 0.0498989 0.0602922 0.0570214 0.0543679 -0.0253708 0.0380123
0.0041678 -0.0058078 0.0096141 0.0196461 0.0061647 -0.0322303 -0.0323914 -0.0275297 -0.0325965 0.0360672 1.0727067 0.0098271 0.0120708 -0.0256663 -0.0324005 -0.0707759 -0.0702068 -0.0503167 -0.0591410 -0.0421528 -0.0382647 -0.0458806 -0.0601375 -0.0525343 -0.0539672 -0.0233191 -0.0302171 0.0047713 0.0070297 0.0126141 0.0050420 0.0093435 -0.0099304 -0.0198477
0.0166619 0.0013133 0.0230634 0.0263594 0.0477925 -0.0947331 -0.0905868 -0.0633346 -0.0870283 0.0462510 0.0098271 1.1171762 0.0722174 -0.0761935 -0.0555571 -0.1259535 -0.1147971 -0.1219227 -0.0958838 -0.1266293 -0.1123758 -0.1095931 -0.1344070 -0.0970811 -0.0798562 -0.0515018 -0.0835071 0.1380793 0.1444612 0.1683646 0.1477904 0.1503632 -0.0148229 0.0711391
0.0143150 0.0012737 0.0361866 0.0292980 0.0676108 -0.0949707 -0.0839973 -0.0678474 -0.0761037 0.0507001 0.0120708 0.0722174 1.1301720 -0.0606184 -0.0734005 -0.1031030 -0.0963212 -0.1034709 -0.0830447 -0.1023744 -0.0932618 -0.1084077 -0.1143306 -0.0824724 -0.0857355 -0.0518299 -0.0738056 0.1087207 0.1271417 0.1160560 0.1092688 0.1152557 -0.0269499 0.0536614
-0.0175278 -0.0427259 -0.0681117 -0.0406796 -0.0678380 0.0577344 0.0495440 0.0387133 0.0756861 -0.0690133 -0.0256663 -0.0761935 -0.0606184 1.0586088 0.0162665 0.0290191 0.0159234 0.0227250 0.0214769 0.0322907 0.0176488 0.0270458 0.0517218 0.0115602 0.0228800 0.0264716 0.0311578 -0.1342347 -0.1431001 -0.1449538 -0.1430160 -0.1169712 -0.0254029 -0.0724738
-0.0144527 -0.0180944 -0.0612238 -0.0403151 -0.0448162 0.0380860 0.0535630 0.0264203 0.0186657 -0.0644133 -0.0324005 -0.0555571 -0.0734005 0.0162665 1.0629624 0.0154572 0.0343422 0.0468416 0.0379806 0.0306490 0.0300872 0.0317316 0.0340731 0.0304422 0.0036273 0.0010504 0.0218143 -0.1331906 -0.1476118 -0.1445496 -0.1343875 -0.1156076 -0.0092624 -0.0678297
-0.0255324 -0.0396604 -0.0899069 -0.0653336 -0.0851819 0.0383168 0.0347918 0.0285678 0.0363417 -0.0851390 -0.0707759 -0.1259535 -0.1031030 0.0290191 0.0154572 1.0618194 0.1209349 0.1365680 0.0889231 0.1149874 0.0828252 0.0789819 0.1104167 0.0972366 0.1152995 -0.0087523 0.0302711 -0.2005951 -0.2125751 -0.2174181 -0.2016169 -0.1887970 -0.0357998 -0.1038117
-0.0263852 -0.0444294 -0.0617385 -0.0567462 -0.0876187 0.0243397 0.0323435 0.0157054 0.0411024 -0.0626554 -0.0702068 -0.1147971 -0.0963212 0.0159234 0.0343422 0.1209349 1.0140654 0.1331304 0.0773750 0.0858647 0.0875431 0.1132808 0.1261777 0.0859599 0.0820331 0.0006990 0.0368443 -0.2015904 -0.2093085 -0.2181585 -0.2095586 -0.1881212 -0.0400626 -0.0934674
-0.0285202 -0.0574598 -0.0918179 -0.0575137 -0.0843682 0.0523655 0.0373514 0.0077191 0.0571745 -0.0758523 -0.0503167 -0.1219227 -0.1034709 0.0227250 0.0468416 0.1365680 0.1331304 1.0447893 0.1105009 0.1216870 0.1017813 0.1126712 0.1040011 0.0914433 0.0927559 0.0051510 0.0373547 -0.2343068 -0.2298725 -0.2357107 -0.2300787 -0.2138895 -0.0434305 -0.1062074
-0.0214763 -0.0449059 -0.0698097 -0.0610518 -0.0781239 0.0396369 0.0393288 0.0233451 0.0246799 -0.0700736 -0.0591410 -0.0958838 -0.0830447 0.0214769 0.0379806 0.0889231 0.0773750 0.1105009 1.0413991 0.0711345 0.0961764 0.0769343 0.1079157 0.0787109 0.0582408 0.0031249 0.0111394 -0.1921147 -0.1865444 -0.1961384 -0.1909715 -0.1739394 -0.0368693 -0.0797109
-0.0264476 -0.0294926 -0.0907922 -0.0620274 -0.0829663 0.0474826 0.0438063 0.0143530 0.0530821 -0.0676733 -0.0421528 -0.1266293 -0.1023744 0.0322907 0.0306490 0.1149874 0.0858647 0.1216870 0.0711345 1.0344714 0.0821857 0.0792023 0.1048726 0.0820010 0.0769035 0.0168498 0.0501304 -0.2132885 -0.2158296 -0.2215821 -0.2101149 -0.1999016 0.0022395 -0.1054683
-0.0237425 -0.0382743 -0.0626983 -0.0430651 -0.0849474 0.0526482 0.0367836 0.0182958 0.0288911 -0.0562422 -0.0382647 -0.1123758 -0.0932618 0.0176488 0.0300872 0.0828252 0.0875431 0.1017813 0.0961764 0.0821857 1.0332993 0.0946108 0.1099717 0.0913737 0.0552454 0.0183923 0.0226950 -0.2147548 -0.2035782 -0.2165788 -0.2116495 -0.1844456 -0.0213485 -0.0974250
-0.0252260 -0.0367872 -0.0624878 -0.0538327 -0.0875588 0.0390358 0.0372540 0.0136746 0.0265244 -0.0688836 -0.0458806 -0.1095931 -0.1084077 0.0270458 0.0317316 0.0789819 0.1132808 0.1126712 0.0769343 0.0792023 0.0946108 1.0047085 0.1010968 0.0833307 0.0596586 0.0130032 0.0404276 -0.1994679 -0.1973025 -0.2059992 -0.1985006 -0.1816363 -0.0168237 -0.0959754
-0.0280078 -0.0469137 -0.0849269 -0.0674032 -0.0951706 0.0570510 0.0542990 0.0194869 0.0519489 -0.0645801 -0.0601375 -0.1344070 -0.1143306 0.0517218 0.0340731 0.1104167 0.1261777 0.1040011 0.1079157 0.1048726 0.1099717 0.1010968 1.0685439 0.0841864 0.0800605 0.0257536 0.0442773 -0.2265791 -0.2313541 -0.2371367 -0.2341012 -0.2232981 -0.0245418 -0.1091426
-0.0223912 -0.0370094 -0.0786593 -0.0579948 -0.0735008 0.0264326 0.0272568 0.0154382 0.0266170 -0.0647678 -0.0525343 -0.0970811 -0.0824724 0.0115602 0.0304422 0.0972366 0.0859599 0.0914433 0.0787109 0.0820010 0.0913737 0.0833307 0.0841864 1.0040331 0.0734163 -0.0056574 0.0313122 -0.1781833 -0.1921817 -0.1868528 -0.1775580 -0.1703313 -0.0328744 -0.0781775
-0.0204791 -0.0314309 -0.0768563 -0.0589555 -0.0841189 0.0292272 0.0163565 0.0038883 0.0312220 -0.0605477 -0.0539672 -0.0798562 -0.0857355 0.0228800 0.0036273 0.1152995 0.0820331 0.0927559 0.0582408 0.0769035 0.0552454 0.0596586 0.0800605 0.0734163 1.0364051 -0.0086288 0.0172744 -0.1636309 -0.1718169 -0.1620772 -0.1625425 -0.1547453 -0.0321822 -0.0673925
-0.0123665 -0.0322339 -0.0474448 -0.0413261 -0.0486485 0.0366303 0.0307270 0.0199079 0.0426899 -0.0331211 -0.0233191 -0.0515018 -0.0518299 0.0264716 0.0010504 -0.0087523 0.0006990 0.0051510 0.0031249 0.0168498 0.0183923 0.0130032 0.0257536 -0.0056574 -0.0086288 1.0241624 0.0213884 -0.0865041 -0.0932841 -0.0912446 -0.0901990 -0.0909515 -0.0259912 -0.0407558
-0.0190749 -0.0369869 -0.0573017 -0.0429990 -0.0670870 0.0739223 0.0466786 0.0692985 0.0495453 -0.0506001 -0.0302171 -0.0835071 -0.0738056 0.0311578 0.0218143 0.0302711 0.0368443 0.0373547 0.0111394 0.0501304 0.0226950 0.0404276 0.0442773 0.0313122 0.0172744 0.0213884 1.0167259 -0.1490580 -0.1489949 -0.1630065 -0.1547617 -0.1364677 -0.0159105 -0.0718120
0.0431273 0.0147782 0.0736961 0.0228276 0.0901749 -0.1793209 -0.1488283 -0.1391498 -0.1661710 0.0570842 0.0047713 0.1380793 0.1087207 -0.1342347 -0.1331906 -0.2005951 -0.2015904 -0.2343068 -0.1921147 -0.2132885 -0.2147548 -0.1994679 -0.2265791 -0.1781833 -0.1636309 -0.0865041 -0.1490580 1.2928689 0.4394796 0.4740409 0.4430856 0.3847220 -0.0180969 0.1121188
0.0465268 0.0126688 0.0873510 0.0406595 0.0843728 -0.1711130 -0.1575118 -0.1399037 -0.1652044 0.0498989 0.0070297 0.1444612 0.1271417 -0.1431001 -0.1476118 -0.2125751 -0.2093085 -0.2298725 -0.1865444 -0.2158296 -0.2035782 -0.1973025 -0.2313541 -0.1921817 -0.1718169 -0.0932841 -0.1489949 0.4394796 1.3037841 0.4593573 0.4489992 0.3881017 -0.0174586 0.1195471
0.0450202 0.0120356 0.0864797 0.0458506 0.0919483 -0.1888914 -0.1585805 -0.1511283 -0.1715374 0.0602922 0.0126141 0.1683646 0.1160560 -0.1449538 -0.1445496 -0.2174181 -0.2181585 -0.2357107 -0.1961384 -0.2215821 -0.2165788 -0.2059992 -0.2371367 -0.1868528 -0.1620772 -0.0912446 -0.1630065 0.4740409 0.4593573 1.2877706 0.4477889 0.3967302 -0.0118608 0.1339797
0.0442381 0.0212897 0.0808024 0.0354455 0.0868011 -0.1748205 -0.1542684 -0.1309744 -0.1585349 0.0570214 0.0050420 0.1477904 0.1092688 -0.1430160 -0.1343875 -0.2016169 -0.2095586 -0.2300787 -0.1909715 -0.2101149 -0.2116495 -0.1985006 -0.2341012 -0.1775580 -0.1625425 -0.0901990 -0.1547617 0.4430856 0.4489992 0.4477889 1.2870576 0.3798262 -0.0169559 0.1060345
0.0364000 0.0085115 0.0681561 0.0445273 0.0879956 -0.1605391 -0.1398998 -0.1351468 -0.1601021 0.0543679 0.0093435 0.1503632 0.1152557 -0.1169712 -0.1156076 -0.1887970 -0.1881212 -0.2138895 -0.1739394 -0.1999016 -0.1844456 -0.1816363 -0.2232981 -0.1703313 -0.1547453 -0.0909515 -0.1364677 0.3847220 0.3881017 0.3967302 0.3798262 1.2314904 -0.0269194 0.1046314
0.0015338 0.0128577 -0.0011838 0.0004399 -0.0372680 -0.0136943 -0.0324258 -0.0302630 -0.0038311 -0.0253708 -0.0099304 -0.0148229 -0.0269499 -0.0254029 -0.0092624 -0.0357998 -0.0400626 -0.0434305 -0.0368693 0.0022395 -0.0213485 -0.0168237 -0.0245418 -0.0328744 -0.0321822 -0.0259912 -0.0159105 -0.0180969 -0.0174586 -0.0118608 -0.0169559 -0.0269194 1.0209737 -0.0050771
0.0224286 0.0086575 0.0327289 -0.0043649 0.0465041 -0.0780496 -0.0672295 -0.0517901 -0.0929041 0.0380123 -0.0198477 0.0711391 0.0536614 -0.0724738 -0.0678297 -0.1038117 -0.0934674 -0.1062074 -0.0797109 -0.1054683 -0.0974250 -0.0959754 -0.1091426 -0.0781775 -0.0673925 -0.0407558 -0.0718120 0.1121188 0.1195471 0.1339797 0.1060345 0.1046314 -0.0050771 1.1254458
