0.1486569 0.1773953 0.1504282 0.3160887 0.2074309
0.0097092 0.0485036 0.0181116 0.8705115 0.0531640
0.0000978 0.0000978 0.0351535 0.7838916 0.1807594
0.0000999 0.0000999 0.0001140 0.8679217 0.1317645
0.0109789 0.0384820 0.0089997 0.0000998 0.9414395
0.9446388 0.0054015 0.0001000 0.0497595 0.0001000
0.7613541 0.1112743 0.0000990 0.0000990 0.1271736
0.8870279 0.0000974 0.0000974 0.0000974 0.1126798
0.7358161 0.0401625 0.0000989 0.2238235 0.0000989
0.0001000 0.0285427 0.0001000 0.1660834 0.8051739
0.1514860 0.0000977 0.0000977 0.5506881 0.2976303
0.0547087 0.0001002 0.1551618 0.0074731 0.7825562
0.0000994 0.0000994 0.0030635 0.0699109 0.9268269
0.8884575 0.0225866 0.0477304 0.0230122 0.0182132
0.5469152 0.1846431 0.0001011 0.1275880 0.1407527
0.0000986 0.9283142 0.0713899 0.0000986 0.0000986
0.0001003 0.8873053 0.0031077 0.0506815 0.0588052
0.0000993 0.9224342 0.0000993 0.0000993 0.0772677
0.0220389 0.7881187 0.0000999 0.0000999 0.1896425
0.1078922 0.6805532 0.0000993 0.2113559 0.0000993
0.0194192 0.6824455 0.0001002 0.2663363 0.0316988
0.0554157 0.7172803 0.0001002 0.2271035 0.0001002
0.1365970 0.7759388 0.0000999 0.0872644 0.0000999
0.0123539 0.8112992 0.0124813 0.0171882 0.1466774
0.0001000 0.8446244 0.1011652 0.0001000 0.0540105
0.7839003 0.0050932 0.0709194 0.0577115 0.0823757
0.8020267 0.0537568 0.0001013 0.1332791 0.0108360
0.0184896 0.0045027 0.9768088 0.0000994 0.0000994
0.0000997 0.0000997 0.9716077 0.0280931 0.0000997
0.0000990 0.0000990 0.9450765 0.0203078 0.0344177
0.0079190 0.0001001 0.9679673 0.0239134 0.0001001
0.0032242 0.0001007 0.8630077 0.0001007 0.1335668
0.1478392 0.0147494 0.0315073 0.8058045 0.0000996
0.0330521 0.0276824 0.0754957 0.0001002 0.8636696
