0.2200928 0.4097802 0.2013212 0.1688057
0.1489055 0.7214968 0.1163861 0.0132116
0.0726736 0.8739357 0.0000998 0.0532909
0.0742518 0.8566458 0.0690019 0.0001005
0.0372699 0.9082446 0.0001002 0.0543854
0.0234770 0.0000990 0.9763249 0.0000990
0.1442254 0.0001003 0.8242048 0.0314695
0.0000985 0.0398614 0.9599416 0.0000985
0.1088619 0.0126424 0.8783951 0.0001006
0.0662150 0.9271083 0.0001002 0.0065765
0.0000982 0.7303807 0.2694228 0.0000982
0.0000997 0.7331348 0.0548091 0.2119564
0.0000990 0.9530825 0.0000990 0.0467196
0.0378246 0.0000999 0.9146289 0.0474466
0.2132149 0.2007859 0.5858986 0.0001005
0.9364854 0.0000976 0.0000976 0.0633195
0.9284478 0.0626127 0.0001001 0.0088394
0.9633593 0.0364421 0.0000993 0.0000993
0.8525839 0.0947930 0.0315322 0.0210908
0.7791277 0.0284854 0.1922863 0.0001006
0.7389632 0.1993305 0.0616068 0.0000995
0.8042486 0.0742647 0.1199536 0.0015330
0.8258094 0.0000999 0.1739908 0.0000999
0.8420303 0.1112586 0.0241734 0.0225377
0.8815171 0.0001001 0.0001001 0.1182828
0.0291480 0.0667014 0.8219008 0.0822498
0.0835850 0.0637901 0.8525242 0.0001006
0.0013437 0.0000993 0.0160277 0.9825293
0.0001001 0.0039225 0.0067817 0.9891957
0.0000989 0.0483936 0.0000989 0.9514086
0.0001002 0.0056498 0.0153872 0.9788628
0.0001008 0.1134865 0.0010232 0.8853894
0.1191995 0.4874002 0.3378576 0.0555426
0.0335886 0.7848445 0.0278098 0.1537570
